,update_chat_message,update_comment,update_document,update_google_calendar_event,update_task,view_tools_catalog
update_chat_message,1.0,0.002812702133125657,-0.0009740305122338056,-0.00019364822745835864,0.007601117308027342,-0.0015409440028347262
update_comment,0.002812702133125657,1.0,0.0005583772196377731,-0.0002721345108109576,0.028181047220117793,0.0024708454656383965
update_document,-0.0009740305122338056,0.0005583772196377731,1.0,-0.00041876314424523945,-0.00851639504905731,0.00792240356056227
update_google_calendar_event,-0.00019364822745835864,-0.0002721345108109576,-0.00041876314424523945,1.0,0.0007723026951992219,0.00615098468611732
update_task,0.007601117308027342,0.028181047220117793,-0.00851639504905731,0.0007723026951992219,1.0,-0.00654239971582917
view_tools_catalog,-0.0015409440028347262,0.0024708454656383965,0.00792240356056227,0.00615098468611732,-0.00654239971582917,1.0
