,autonomy_level=autonomous,autonomy_level=consultative,autonomy_level=human_in_the_loop,autonomy_level=unknown,data_flow_direction=bidirectional,data_flow_direction=inbound,data_flow_direction=outbound,data_flow_direction=processing,data_flow_direction=unknown,domain_industry_vertical=creative_design,domain_industry_vertical=education_academic,domain_industry_vertical=finance_accounting,domain_industry_vertical=general_cross_functional,domain_industry_vertical=hr_people,domain_industry_vertical=it_engineering,domain_industry_vertical=legal_compliance,domain_industry_vertical=marketing_content,domain_industry_vertical=personal_productivity,domain_industry_vertical=project_management_ops,domain_industry_vertical=sales_crm,domain_industry_vertical=unknown,domain_knowledge_depth=deep,domain_knowledge_depth=light,domain_knowledge_depth=moderate,domain_knowledge_depth=none,domain_knowledge_depth=unknown,execution_dataset=collection_scoped,execution_dataset=collection_unbounded,execution_dataset=single_asset_from_user,execution_dataset=single_event_data,execution_dataset=single_user_prompt,execution_dataset=unknown,external_integration_scope=calendar_integration,external_integration_scope=clickup_only,external_integration_scope=email_integration,external_integration_scope=multiple_external_systems,external_integration_scope=unknown,external_integration_scope=web_research_integration,functional_archetype=analyzer,functional_archetype=communicator,functional_archetype=creator,functional_archetype=enforcer,functional_archetype=monitor,functional_archetype=organizer,functional_archetype=unknown,implied_end_date=false,implied_end_date=true,implied_end_date=unknown,operational_scope=branching_workflow,operational_scope=multi_workflow_orchestration,operational_scope=sequential_workflow,operational_scope=single_action,operational_scope=unknown,output_modality=email_external_message,output_modality=messages,output_modality=structured_document,output_modality=task_artifact,output_modality=unknown,output_modality=visual_image,state_persistence=state_accumulating,state_persistence=state_referencing,state_persistence=stateless,state_persistence=unknown,team_orientation=individual,team_orientation=larger_team,team_orientation=small_team,team_orientation=unknown,tone_and_persona=casual_friendly,tone_and_persona=empathetic_supportive,tone_and_persona=professional_formal,tone_and_persona=technical_precise,tone_and_persona=unknown,use_case_context=entertainment,use_case_context=general_productivity,use_case_context=personal_productivity,use_case_context=personal_use_case,use_case_context=specific_use_case,use_case_context=test_or_placeholder,use_case_context=unknown
autonomy_level=autonomous,1.0,-0.7143254264679714,-0.39088786580527085,-0.04907284752193446,-0.0382262417952542,0.006837117755902311,-0.15856938880550372,0.17844420768323457,-0.03551037914721186,-0.10894064913444594,-0.03627729334935718,0.00966431882743875,-0.017007454378704292,-0.0072799060636804785,-0.01991732696348717,-0.005270221707442742,-0.05933458249163026,0.004578475184551616,0.1545959889586123,0.019322617781100282,-0.014838772386137716,-0.046589679138612713,0.12656743055274217,-0.16121064970329158,0.1150936274713516,-0.011433389182513543,0.13096019947994866,0.13171075047295402,-0.012424256764828182,0.005414189019171901,-0.21832821992134183,-0.03370781513314519,-0.008398623396621988,0.03689864084014525,0.006409661956415382,-0.047312063683166074,0.015555027141169386,-0.025820620025119662,0.06352094946686619,0.030116759937861896,-0.17340251536133489,0.032712333380188585,0.27997939836608066,-0.09175073210825323,-0.02820088092156617,0.010599490493325654,-0.011322352282036971,0.002443297802096199,-0.07682471419149449,-0.0817493646424648,0.13094870048319923,0.04815086991550621,-0.036701729060987384,0.010432003464975656,0.11816218083315302,-0.017447689574940233,-0.042386633497548454,-0.027192105582395987,-0.10201620124492419,-0.008525339387893675,-0.06581304807108984,0.01727935434358435,0.04621700368001614,-0.06105954170164706,0.05959701613026634,0.0389197322325978,-0.009044683964061549,-0.09991151269826327,-0.035726194271769623,0.09096200982959969,0.031844395092953434,0.03556982456355974,0.0086520916268898,0.11225868224715611,-0.015351697737633554,-0.044331341735063576,-0.07446004858003484,0.004292814399159668,-0.011433389182513434
autonomy_level=consultative,-0.7143254264679714,1.0,-0.35648542554279006,-0.04475389609604185,-0.01223429679671758,-0.011212134688778604,0.29665692684647776,-0.28289191751239046,-0.032295819088463726,0.1729758657988389,0.08888445570538901,-0.019250521864217624,0.03097008198204552,-0.010771994151789113,0.011379126446515852,-0.009257465361761176,0.05681357695221022,-0.005085165143973044,-0.2094805109268882,-0.05602240447880251,-0.013532796874385251,-0.004840761836378297,-0.1610198736895754,0.1991568145090122,-0.07600190001980427,-0.010427124924248753,-0.20060653352087168,-0.11388163352559738,0.07541335155644947,-0.1092872173452337,0.345479784927092,-0.015347093351148172,0.0005040641912125793,-0.02339131800197557,-0.03717585296958885,0.02651957353900431,-0.044267380458326046,0.04928940361523949,-0.018006952724555554,-0.030358520492570696,0.28955055147136743,-0.09578978971869172,-0.22318955577365707,-0.07845688622179162,-0.025662460436881383,0.012173845559398433,-0.007746755793348012,-0.022367743607755224,0.07052256306084317,-0.03986638124023847,-0.04043380954454983,-0.04759231947790654,-0.032569563192236674,-0.031158134000780092,-0.0940265262057501,0.03707306199331455,-0.06360477225195282,0.010430534829974648,0.17861695520690557,-0.035217006552830284,0.0708933738804266,-0.0036889867440602383,-0.015252106817946356,0.10679191489406809,-0.07039682856710468,-0.06946535992872073,-0.03858262430239039,0.13760206582456952,0.06189392295657732,-0.14005156545762504,-0.03318563188912844,-0.04236592936605393,0.006413520765985752,-0.09558857591006806,0.03252340602994923,0.09623351371472544,0.0139298622866445,-0.014279909806867231,-0.010427124924248575
autonomy_level=human_in_the_loop,-0.39088786580527085,-0.35648542554279006,1.0,-0.024489895337971645,0.0691577802755399,0.00490305030524462,-0.17822983444259335,0.14145118773487472,-0.017572820406817204,-0.08171842449903223,-0.06805451024394865,0.011900214691901884,-0.022058251483635483,0.023753468683632428,0.010406235985471806,0.01801553869834859,0.0038979631824037292,0.0005712595817191472,0.07388995397191277,0.04785911156077273,-0.007405316810239324,0.06739806107101358,0.043704667749704516,-0.04545956519166868,-0.054721511837360765,-0.005705854022693388,0.0944161522487882,-0.024251752514099275,-0.08283190102336171,0.14197104640461372,-0.16247317500839117,-0.014534487953860744,0.011661153668516454,-0.009729761644746992,0.04188092564311551,0.02957946930341336,-0.011441823752128523,-0.028225386131123763,-0.060570169150559204,2.4734257242632185e-05,-0.15024425698377283,0.0831541165711506,-0.07800243006829363,0.23029805269457507,-0.014345880638976493,-0.01595399094029351,0.01894098340814258,-0.012770503255753662,0.020026493806094944,0.16381225633349314,-0.12003790015914408,-0.0280181618763707,-0.017959462000066543,0.02783170093589809,-0.02694474381047812,-0.02648342509765762,0.14434964698618483,-0.021973249400407457,-0.09771794052155378,0.05989651641339913,-0.004371450670585388,-0.017855845418982382,-0.04414815638817835,-0.030673791731938536,0.013299682206158058,0.04060061239698536,-0.021732392755708877,-0.04345978280225554,-0.0330084512168045,0.06466594088133348,0.0019289122318173883,-0.01931600019667811,-0.023511620012657403,-0.019557137699110445,-0.0230323468292277,-0.06864397092683942,0.08012781820715291,-0.009620718459201639,-0.005705854022693459
autonomy_level=unknown,-0.04907284752193446,-0.04475389609604185,-0.024489895337971645,1.0,-0.011004477306714708,0.004966186312521382,-0.007613627806291054,-0.0466334761885334,0.721842500911287,-0.004921699439926459,-0.005167238244378504,0.003872669940504783,0.026351344845809577,0.0017894949808764339,0.008638626200493509,0.008718154220762579,0.004338655550787821,3.4737492635993295e-05,-0.029884536407979185,0.001862530973534295,0.30238254218903826,0.010479007581129986,-0.004890479074203903,-0.009530851004800266,0.0044967526696983225,0.2329880934136361,-0.033371690087965984,-0.013496372940077396,-0.0014205735432796958,-0.03153927282390533,-0.008101108087882588,0.5354950495051872,-0.007016564832841165,-0.059416444927286864,-0.00886510337696149,-0.007459153624254347,0.3282281748419717,-0.015259829226554228,-0.006133179092055732,-0.0021444142665548987,0.001285326432422842,-0.002725538744134642,-0.018866698783390715,-0.02229936992932766,0.5759946020299822,-0.09613260756263937,0.04351061064810129,0.2612062139839151,-0.06767126676669971,-0.008779517384006065,-0.01563443841304144,0.17580225703323077,0.7375438028226128,-0.004253559698022397,-0.049398416891377965,0.005930521508450501,-0.022178852810597966,0.2988199204258206,-0.009996428724294347,-0.01254396308957859,-0.006695037686323535,-0.003140094179992149,0.015073041638563827,-0.1909149362395514,-0.001578922673773706,-0.006699028174889367,0.5676252905797851,-0.029019666360233273,-0.005789976516270211,-0.010752864586053446,-0.005390496060690867,0.18436692298765195,0.022808958782326725,-0.031977252100757775,0.00426482509603075,0.006107719832384772,0.009635083417788562,0.15203472306595237,0.23298809341363272
data_flow_direction=bidirectional,-0.0382262417952542,-0.01223429679671758,0.0691577802755399,-0.011004477306714708,1.0,-0.016128637576299006,-0.23684534923653058,-0.2769507536310237,-0.011365373896745794,-0.10398019476458656,-0.03278022495791757,0.014200594007609181,0.043636741894800685,0.01996172859171234,-0.03547030338791116,0.013330337012458228,-0.026857057210483808,0.11609931719822367,0.007262878369900812,0.08447568453619393,-0.0046366324167164364,0.02016188300903025,0.06601807194021335,-0.06122546078723194,-0.020679250778552313,-0.0035725612292632613,0.09955646178806338,0.06080979252949108,-0.0665705808921445,-0.062253007894138825,-0.039201202403579875,0.015793115070454965,0.2600274563722751,-0.5201276932898162,0.39152620638009367,0.35087457672867733,0.042291919121701486,0.13222617355296665,-0.024950945101591137,0.14971544967520709,-0.15411586209901382,-0.03739637025021027,-0.04883725980231733,0.16756539540406773,-0.008982272726678129,0.009921209351021299,-0.008256829780284742,-0.0089225328164384,-0.0415710691342645,0.1913694495240749,-0.07336602659885709,-0.018439333483595628,-0.011600144367417213,0.30437370479612796,-0.051674939971218636,-0.018791031964202294,0.06271546047392394,0.05830109543775574,-0.10419629296506967,0.05654546310229203,0.016206876944431143,-0.01323827913485929,-0.05508901222665423,-0.01940055070062726,0.004617818913471591,0.028167186555209268,-0.012677038009694094,-0.03553907928946036,-0.012337920464735223,0.04633392576620243,-0.011151183104179493,0.00038701294424350305,-0.013666098280609109,-0.035278866266113984,0.019180653160049077,-0.015417142321876492,0.039220546197207586,-0.0028833039441096197,-0.0035725612292631646
data_flow_direction=inbound,0.006837117755902311,-0.011212134688778604,0.00490305030524462,0.004966186312521382,-0.016128637576299006,1.0,-0.04995128178649056,-0.05840961277136462,-0.002396986033102186,-0.022941292234484396,-0.016557496122287872,-0.0015647769697191237,-0.011915734357307214,-0.0024250901912005185,-0.0046550407047305595,-0.005796954025619911,-0.018929955814560435,-0.008258553449388467,0.048253331547766135,0.020779278360601554,-0.0009778774763125457,-0.01216453776630184,0.0503565887161232,-0.04056593965504341,-0.0011678833998859683,-0.0007534621779049862,0.011285219430280977,-0.0070654892506081856,0.04448413168947217,-0.0122401048851362,-0.02660294815407257,0.002581619335975479,0.010415430049995834,-0.009640725946090369,0.023628469263730544,-0.006204760018774265,0.01701521785058633,-0.007050094337434669,-0.020395495117030323,-0.011976529273545714,-0.046898671653573865,-0.008600364278195046,-0.02235601772907256,0.09078971075662273,-0.0018943839830493502,0.00020439275627287672,-0.0005547573232711368,0.00165804154216663,-0.013677470086412591,-0.015888409880293195,0.024276855834334782,0.002939404909252294,0.0011618655330618319,-0.007216605800743539,-0.0468903057752081,-0.023571511330334808,0.1051271139063155,0.002113081887942289,-0.022825071364847592,-0.00921440432123924,-0.006592579977900827,-0.0006262622556804041,0.011887413926075174,0.008903130965244543,-0.0071759580640921115,-0.005293743112745927,-0.00207244825777143,-0.00460694512419796,-0.017225413316522283,0.011200541497625982,0.0030176009324807073,0.00932201565631733,-0.0038655821273614957,0.010131791885453463,-0.008629625338244021,-0.017217427470132305,0.006170505982046271,-0.0012704228770050146,-0.0007534621779049862
data_flow_direction=outbound,-0.15856938880550372,0.29665692684647776,-0.17822983444259335,-0.007613627806291054,-0.23684534923653058,-0.04995128178649056,1.0,-0.8577317873354129,-0.03519919096944826,0.3925792125139411,0.15072190790789067,-0.05190432520348111,0.03898987755907268,-0.031541827091448794,0.030666589533467466,-0.025153305092179116,0.20319223093223387,-0.08123169212225961,-0.46442653058673466,-0.07269773737780295,-0.014359906798831057,-0.04577936264193422,-0.36233377886209,0.4513621394613862,-0.14505160356884533,-0.01106441953439736,-0.3220279988509381,-0.1474537428164697,0.16572713176927095,-0.12040301986802952,0.44144340895980017,-0.008047179984819448,-0.07566775647775001,-0.03698947972735861,-0.06988365740011492,-0.04071572011136526,-0.007049042438156088,0.14748909086233655,-0.014541819806398935,0.010161483145454125,0.648956675625667,-0.13759042428424859,-0.2627077594010483,-0.4416588138723029,-0.02781859496382533,0.01218798156591999,-0.014361789803462068,0.009238388420667144,-0.0645324142803987,-0.12246580552351609,0.14299870006073492,0.048130226524563426,-0.02955848774607331,-0.04048163343466436,-0.14127058454192556,0.021640304899565626,-0.20836469915441494,0.03091917339522651,0.42447168025947346,-0.10065050241922097,0.0902143568083242,0.00943983276931294,0.024694855117821345,0.07465078309207965,-0.04671147316109072,-0.06911996074483585,0.013160847900886476,0.1754396352260074,0.10178970276193161,-0.22757603750291966,0.001018681346479836,0.0009324875928990603,0.06553423789499206,-0.2189766306476387,0.05407983329790568,0.16355721406452256,0.07129745625638229,-0.002326569830716845,-0.006935731058795712
data_flow_direction=processing,0.17844420768323457,-0.28289191751239046,0.14145118773487472,-0.0466334761885334,-0.2769507536310237,-0.05840961277136462,-0.8577317873354129,1.0,-0.04115952665997145,-0.33129978134679,-0.12977040769670778,0.044016256618404886,-0.06186036387214953,0.02152650234878792,-0.01195257692570652,0.018007236335206036,-0.18469057184793589,0.02176591251413973,0.45149651348510256,0.02611269166584234,-0.016791492941817764,0.03573308988980953,0.3191901840188997,-0.4091709930886246,0.15308319847203097,-0.012937975511948726,0.267856720413378,0.11633337700154524,-0.13379768001397763,0.15427992842229288,-0.4111644877015711,-0.04654873134649316,-0.05966986430084747,0.31091964289634577,-0.13431632821387157,-0.1387512409377946,-0.04711495275223457,-0.21176014289665757,0.030006032605931366,-0.08517391215438518,-0.5552281109253425,0.15642582816097425,0.2883878694580952,0.34150031476255893,-0.032529162447237796,-0.010559939095707325,0.01591407344941037,-0.02462330645844775,0.09096911389311538,0.025543233787892243,-0.10439739921116882,-0.03952412792772202,-0.041590269464717625,-0.1152712050703694,0.17486257060566404,-0.008527309862050431,0.1630205322572833,-0.08481180359678953,-0.36212592870124966,0.07235992881794807,-0.09639593469010453,-0.002262174173554838,0.0015652161316601718,-0.051486765011558876,0.045032903077458164,0.05486079817863145,-0.04633479299097449,-0.15279994688039072,-0.0917552333855968,0.2002548071313945,0.004647427739588908,-0.012944981851469358,-0.05919045438396516,0.2353160807778371,-0.062206871213694885,-0.1520617759234435,-0.09167460198004097,-0.009713471354428271,-0.011578101731627684
data_flow_direction=unknown,-0.03551037914721186,-0.032295819088463726,-0.017572820406817204,0.721842500911287,-0.011365373896745794,-0.002396986033102186,-0.03519919096944826,-0.04115952665997145,1.0,-0.0063739485078467715,-0.004793158023355749,0.001913434330709495,0.02801657316579678,-0.004066963396709233,0.005067642814861897,0.00818996944526192,-0.0010645550154501375,-0.002316564131201106,-0.023525894443854424,-0.0011845383833422498,0.40796127420357803,0.006792649712644566,-0.01140502077733124,-0.007972137703881187,0.012248411983812272,0.314337325082302,-0.02582017910177875,-0.012845338600691881,-0.011308538065757335,-0.023154284042080878,-0.021921710228528492,0.5616220262331909,-0.004529383907020594,-0.07327918339344577,-0.006570850385560357,-0.0069594834001183645,0.3701394770762122,-0.013318408542982316,-0.005441551093927228,-0.004833958394509471,-0.01683015922815693,-0.003131302363270958,-0.01354277247110909,-0.021179708707584143,0.7903191578457601,-0.0804836484964318,0.03148722831116997,0.2423426383525172,-0.05185159353573889,-0.0123001325906052,-0.02473104163656522,0.013382162043425072,0.9337542903471084,-0.003328901590309673,-0.03984802030178737,-0.005617757429210412,-0.019202594032587384,0.29320543253006615,-0.01356124353599577,-0.010807572681569044,-0.003738766334494549,-0.0023274504736085187,0.011645571188435018,-0.16261631282696407,-0.005056685419332848,-0.005104610227209237,0.48848838529966415,-0.021442540824436505,-0.005888530288211037,-0.005987323706346276,-0.003356710002661934,0.13089502644395132,0.023226374692219998,-0.024297325349027066,-0.000997595896916061,0.004521671170655029,0.004339204086580338,0.16624111736920488,0.24804926874640784
domain_industry_vertical=creative_design,-0.10894064913444594,0.1729758657988389,-0.08171842449903223,-0.004921699439926459,-0.10398019476458656,-0.022941292234484396,0.3925792125139411,-0.33129978134679,-0.0063739485078467715,1.0,-0.14298425135453796,-0.0757679654216227,-0.11232288890946246,-0.05613831279674624,-0.08190901013764891,-0.06195010781865752,-0.16042893897258748,-0.09222573732272364,-0.29624673863899265,-0.07963011964982317,-0.006843423249150277,-0.09952856241577612,-0.17795127382890605,0.27413625689905863,-0.09142637531799526,-0.005272910676983592,-0.20957214234851618,-0.12374831441006334,0.04040887405874235,0.004427185099011989,0.27244429130701575,-0.010594921485575042,-0.059452731671868236,0.13454384368635872,-0.06219726717285205,-0.060576893831136285,-0.028220814766174163,-0.07021154574666294,-0.12331769342671428,-0.08539897200036059,0.4517616592343635,-0.06393678096227441,-0.15431542363722978,-0.2217376072998179,-0.010162805512206928,0.010313803499584159,-0.013334357230461105,0.013472917534432301,0.01483929105083707,-0.07728970302878527,0.028514870145648956,0.03593315797289116,-0.005731299682260805,-0.04864978233615854,-0.2709625012131969,-0.07813148530836789,-0.12394306121269795,-0.019282567466242496,0.6463332829841244,-0.049869456681799096,0.051380167770912484,0.011570318200459931,0.0069949480391374675,0.06713500230801532,-0.04649117844568081,-0.05373823685454749,0.0012660943809627415,0.24286910137080453,-0.06126460600452915,-0.18012828544962148,-0.022036861789430318,0.008495670926440229,0.07831757262732125,0.01685825814273883,0.09225000264151612,-0.04855062941000979,-0.032585269088662557,-0.006584852724541017,-0.0033295254616881567
domain_industry_vertical=education_academic,-0.03627729334935718,0.08888445570538901,-0.06805451024394865,-0.005167238244378504,-0.03278022495791757,-0.016557496122287872,0.15072190790789067,-0.12977040769670778,-0.004793158023355749,-0.14298425135453796,1.0,-0.06503040468476141,-0.0964048972477661,-0.04818259510041292,-0.07030116285872236,-0.05317076365049647,-0.13769353270184645,-0.07915584095565384,-0.25426372732897745,-0.06834522844988923,-0.005873598173646394,0.019455873378803678,-0.1430281668383221,0.18311232904535693,-0.10036009104263491,-0.004525652936339707,-0.12322413079608567,-0.08914181889323983,0.23299500198080852,-0.06576227333378638,0.09232611516040118,-0.010627499459673683,-0.014436757121322589,-0.032089924720717616,-0.04896725629253121,-0.02187571443161377,-0.02357729760556087,0.0947485891171362,-0.06351847733110433,-0.053966963662858435,0.26706355005890775,-0.05438107071417886,-0.12118718875493739,-0.10687837700140779,-0.003571254656939526,-0.06363420764417178,0.06469472543568161,0.0010335929703037196,-0.045957495340616696,-0.05562320643111523,0.08430466927041268,0.006321621198015797,-0.004612092156839921,-0.03734143413561297,-0.044394502418741114,0.15099659545227737,-0.06269100041346483,-0.017295212713785132,-0.004731266812066454,0.009531173470412204,0.001664486685113222,0.00808371409464411,-0.010117604696421917,0.053369532181369736,-0.036599836578744625,-0.04073939608608004,-0.003875369376854238,0.0005967895310263576,0.3338481014442686,-0.17855879978020475,-0.050670385330601114,-0.01175836484236736,-0.0176735288485524,-0.2339000752180679,-0.07348548349209644,0.6385521971806392,-0.1760469394302548,-0.005045190179173394,0.002011696881700901
domain_industry_vertical=finance_accounting,0.00966431882743875,-0.019250521864217624,0.011900214691901884,0.003872669940504783,0.014200594007609181,-0.0015647769697191237,-0.05190432520348111,0.044016256618404886,0.001913434330709495,-0.0757679654216227,-0.06503040468476141,1.0,-0.05108536675855524,-0.02553216291240406,-0.03725288642713571,-0.028175414729575722,-0.07296439101300642,-0.041945018165506505,-0.13473543497084736,-0.0362164284308768,-0.003112444756016331,0.12979163123723517,-0.08294867112784758,0.043734980762677886,-0.05882665967005363,-0.002398162818229565,0.05363733035496228,-0.015883694712249426,-0.00898453767884351,-0.003909031155691433,-0.03582849123436888,0.0057361361908854335,-0.019010021454450653,-0.007915781828510833,0.01803892555059711,-0.00437993562379902,0.009015003309843131,0.009601071592585452,0.1373861110536768,-0.007717382853845661,-0.08954214201111217,0.01175517249643646,-0.009507278419519555,0.007963813808395604,3.868156035054486e-06,0.006248163324521962,-0.005668544072579141,-0.003375530583888838,-0.01191429089180894,0.013912026681736172,0.004970890821060327,-0.008691582483410926,0.002732145034682752,0.01598451312665007,0.010601013893109497,0.033547087247562654,0.0037436747101209566,-0.00196496262445314,-0.06053542889187986,0.03203950912355668,-0.008292188653924804,-0.004443762656149721,-0.020590360983766105,-0.00703518011128139,-0.0034579704259989365,0.011628747285601532,0.0010590897843012427,-0.06483109693289354,-0.03009414295776345,0.06641387556543903,0.02491100903495926,0.0011591225733546973,-0.006370348962080333,-0.13239089080116398,-0.04020263144581353,0.02316137423603294,0.13264511624204997,-0.004043575107556212,-0.0023981628182295975
domain_industry_vertical=general_cross_functional,-0.017007454378704292,0.03097008198204552,-0.022058251483635483,0.026351344845809577,0.043636741894800685,-0.011915734357307214,0.03898987755907268,-0.06186036387214953,0.02801657316579678,-0.11232288890946246,-0.0964048972477661,-0.05108536675855524,1.0,-0.037850380203158916,-0.055225870200255274,-0.04176889218335815,-0.1081667052889042,-0.06218176229878003,-0.19973973446672355,-0.053689363898082695,-0.004614071192508077,0.035734431601495024,-0.07897715572158723,0.00793962411833408,0.08338600862037661,-0.003555177631072244,-0.061474001069187864,-0.016428745223433936,0.06599922393312152,-0.00762553259323391,0.03304391365152867,0.021533992777219835,-0.031226162643941163,-0.10975900186166633,0.06478821435993379,0.009082146280568543,0.011615313493798959,0.11509709142998065,0.09580384843925835,0.1064785094655248,0.0007864537453376243,-0.029209624303816767,-0.058692027919179206,-0.061819015980370665,0.023861386890176955,0.016935632137472553,-0.019695213200936635,0.011587293555456207,-0.03787843755749596,-0.02053211379947102,0.047382427889094136,0.028194392540794644,0.02453016012117535,0.07553021995433488,0.023428014971635363,0.055544639165660735,-0.05795132208097574,0.01748831624456105,-0.06116653690405847,0.010375059722704768,0.010894750102576923,0.006917366882830854,-0.016492420674608637,0.009979566812034947,-0.014032072300817527,-0.01474834058544416,0.02685886854289589,-0.03704785735796199,-0.009633311780151017,0.03256870949157474,0.016187427728318837,-0.00045396190524516736,0.06135834986456484,-0.04027346941984461,-0.04683069796919733,-0.03341985397201931,0.07298930049357827,0.028695381775131684,0.009734138165189813
domain_industry_vertical=hr_people,-0.0072799060636804785,-0.010771994151789113,0.023753468683632428,0.0017894949808764339,0.01996172859171234,-0.0024250901912005185,-0.031541827091448794,0.02152650234878792,-0.004066963396709233,-0.05613831279674624,-0.04818259510041292,-0.02553216291240406,-0.037850380203158916,1.0,-0.02760156194231574,-0.020875844249812505,-0.0540610769065641,-0.031078075502451754,-0.09982873304184786,-0.02683362521772665,-0.00230608537926988,0.05139998770760747,-0.027785392496405558,0.023710482316399193,-0.04268238264710618,-0.0017768566659819096,0.014058820437342651,-0.014135298223265839,-0.006692573045733964,0.020789424146661267,-0.02036182867946656,-0.0037983096458516536,-0.004276777190314266,-0.008383083112555487,0.008893218593344049,0.005166072234166906,0.002919134636651622,0.004458259594847614,0.016213424766762113,0.016662389449881736,-0.03492560199670835,0.00832191352676579,-0.015209231953135213,0.027151320691455292,-0.002462253156144106,0.003474297753679083,-0.0031370909711453034,-0.001948356481495896,-0.007929994699921358,0.02359935589704681,-0.006489505023364445,0.0025900288534267692,-0.0042157131801005615,0.011810094255581759,0.0037975830510474594,0.020155513789450453,0.012586921788125547,-0.008544238581017792,-0.04251652241500639,0.01802417841798614,-0.005352805117412588,-0.0008737362323020715,-0.011385255604924939,-0.039531312707573846,0.0217267008888632,0.036516769674329035,-0.0016782964378050413,-0.038219908335186924,0.005762019461877167,0.04258768714947569,-0.019565333407343188,-0.0025790364781150404,-0.008130083766307299,-0.08548124527826897,-0.03047388831361272,0.015829796839488246,0.08752910801654795,-0.0029959823118114954,-0.0017768566659819086
domain_industry_vertical=it_engineering,-0.01991732696348717,0.011379126446515852,0.010406235985471806,0.008638626200493509,-0.03547030338791116,-0.0046550407047305595,0.030666589533467466,-0.01195257692570652,0.005067642814861897,-0.08190901013764891,-0.07030116285872236,-0.03725288642713571,-0.055225870200255274,-0.02760156194231574,1.0,-0.030459051102600478,-0.07887820413171892,-0.04534469018699289,-0.14565583287760034,-0.03915179438944676,-0.003364710503373928,0.03144258828930216,-0.07167775655459563,0.0879371850079632,-0.06359460012507245,-0.002592535532622895,-0.020568414379092504,-0.04023043207672364,-0.005947209999354236,0.02532662547082382,0.027406903413597448,0.004068210950764047,-0.027498908251797786,0.017681744107181083,-0.024199950504792435,-0.01407014082164894,0.003794310159441717,0.009948477898507786,0.019824627502523458,-0.022472528774054153,0.009324066486362572,0.012574590879600112,-0.029724383928664354,0.0032671954287807883,0.0075128249061904,-0.012603848171834827,0.012753539209319285,0.0004937594671975237,-0.009746314485076268,0.0005820366612324583,0.010432116008791872,-0.0051513898574851,0.004628710751367009,-0.019227630902170785,-0.009801579091783998,0.019665691433469593,0.023639116085678903,0.05124566954863808,-0.0439274696852399,0.012856244971246683,-0.009446378959634405,-0.004106309754954953,-0.00404596363744572,0.0001536557312920882,-0.005159113499443429,0.0010775188780666836,0.005985462505263548,-0.045783644333400694,-0.037525529704616666,-0.0511535803918291,0.23218375568385488,0.003000775765755289,-0.009851282820893509,-0.007611907634932725,-0.030667025750627453,-0.0352739967343245,0.04629950444368725,-0.00018926327854310864,-0.0025925355326229024
domain_industry_vertical=legal_compliance,-0.005270221707442742,-0.009257465361761176,0.01801553869834859,0.008718154220762579,0.013330337012458228,-0.005796954025619911,-0.025153305092179116,0.018007236335206036,0.00818996944526192,-0.06195010781865752,-0.05317076365049647,-0.028175414729575722,-0.04176889218335815,-0.020875844249812505,-0.030459051102600478,1.0,-0.059657823263768874,-0.03429547544729446,-0.1101636381152707,-0.029611612686371705,-0.0025448259979249893,0.32350383942636696,-0.08950946885536638,-0.0589146585384738,-0.04809840001499228,-0.0019608081638368296,0.0003143037575344657,-0.019067367299505592,0.012932259526275889,0.015089280819284321,-0.012349996882138323,0.005918531873620247,-0.011095787611469404,-0.03225040060212467,0.0034528132584080123,0.0027067071109496553,0.0032869796152217327,0.04306140929237429,0.0379227794793105,-0.012277221294273749,-0.019256630881467243,0.0700235649561466,-0.009415006739977189,-0.0216161487643417,0.007841005365159625,-0.0004113793773134356,0.0006847781637169554,-0.0012696215234318932,-0.020758427394530446,0.013634157286200975,0.012044618291530706,0.005930720090038527,0.007770110251330185,0.003563411666657031,-0.007498628065642303,0.055944888589599964,-0.00994667813933905,-0.0033499444334529845,-0.03724774664158176,0.015501191205782274,-0.010379127093679746,-0.0012548768199704893,-0.006059025850949211,-0.014706278905140776,0.000373114565282823,0.012118762878310204,0.015620413141632988,-0.09329273228466785,-0.026012245480800753,0.09662314728759601,0.01472245786965538,-0.003110343332782516,-0.010059781652726646,-0.1061071792609696,-0.03278786244707488,-0.034279379225911656,0.14353109717031945,-0.0005872481869416009,-0.0019608081638367654
domain_industry_vertical=marketing_content,-0.05933458249163026,0.05681357695221022,0.0038979631824037292,0.004338655550787821,-0.026857057210483808,-0.018929955814560435,0.20319223093223387,-0.18469057184793589,-0.0010645550154501375,-0.16042893897258748,-0.13769353270184645,-0.07296439101300642,-0.1081667052889042,-0.0540610769065641,-0.07887820413171892,-0.059657823263768874,1.0,-0.08881319066748841,-0.28528498494187104,-0.07668363739491599,-0.00659020216578215,-0.048959358742985994,-0.20577002720451387,0.2925083328395512,-0.12411001353993115,-0.005077801868786854,-0.043122546515368426,-0.05926327278703734,-0.027166050597601032,-0.0018069696085613461,0.10569242569190868,0.005964934571277394,-0.049497096433570933,-0.08095766357999996,-0.023956406775928668,0.00568201266489674,-0.008911852566736822,0.14214240059747932,-0.028171665485994042,-0.04516855828981637,0.21644617720959164,-0.031697697331694544,-0.09342082119973555,-0.11037958673320777,-0.007201588465613775,0.023350010914049854,-0.02231856162190207,-0.0071816003258794265,-0.026227974692805085,-0.00027945358231529135,0.029462285259397338,-0.008333212976940535,0.0013776359092725723,-0.013074188311903418,-0.01721615481205965,0.04052545964694621,0.02466518737544611,0.04127772872481801,-0.055087631597280855,-0.0029437223255428338,0.02478994358553593,-0.007179049743333566,-0.01222112716337451,0.01834197949820033,-0.02771604533621492,-0.007711351911335229,0.01077949779540841,0.0839564422552127,-0.02793872019672864,-0.04997225505497457,-0.026053962574630222,0.0076270015833300245,-0.014714735303961808,-0.23337079939670827,0.04910336304159956,-0.1270135982495514,0.2987614695011058,-0.006192113219895112,-0.005077801868786776
domain_industry_vertical=personal_productivity,0.004578475184551616,-0.005085165143973044,0.0005712595817191472,3.4737492635993295e-05,0.11609931719822367,-0.008258553449388467,-0.08123169212225961,0.02176591251413973,-0.002316564131201106,-0.09222573732272364,-0.07915584095565384,-0.041945018165506505,-0.06218176229878003,-0.031078075502451754,-0.04534469018699289,-0.03429547544729446,-0.08881319066748841,1.0,-0.16400169602730927,-0.04408310024753707,-0.0037885075955587065,-0.054779655157357526,0.06337470606508552,-0.12483727981844901,0.16303315337652927,-0.0029190744782497395,0.09276487857879467,0.07462558406383263,-0.06100588735709155,-0.061508272320552976,-0.04476323435397219,0.006438388195305075,0.18790425346864764,-0.09264073408580482,-0.005465980748322059,0.1374407060577866,-0.0031160295970047475,-0.04438762533076497,-0.018575611563293938,0.09066572293089488,-0.14488754849885466,-0.035100113618547736,0.014660495652691976,0.13116300123769895,-0.0010439070352074981,-0.014673484600222542,0.015687689228288434,-0.003447066768207207,0.016623741782333973,0.07537284684357479,-0.06456800681346157,-0.007066211959692188,-0.002648970543604545,-0.0044935283921445955,0.09050083667101434,-0.05527336466769403,0.006381300701280722,0.00877877669600886,-0.08325310220979024,0.01993294902733087,0.043834780348235014,-0.008453943351695548,-0.04301656331377105,0.03898407980336184,-0.02510473888493014,-0.025628375541881628,-0.014508191874014701,0.05436205371541849,0.1620168897796051,-0.13062474642980546,-0.04099331565746827,0.0012142326965525756,-0.012499767908636831,-0.02951845631799899,0.38303786948608115,0.08587634686524902,-0.19181251142055128,-0.0030455267864066124,-0.0029190744782497556
domain_industry_vertical=project_management_ops,0.1545959889586123,-0.2094805109268882,0.07388995397191277,-0.029884536407979185,0.007262878369900812,0.048253331547766135,-0.46442653058673466,0.45149651348510256,-0.023525894443854424,-0.29624673863899265,-0.25426372732897745,-0.13473543497084736,-0.19973973446672355,-0.09982873304184786,-0.14565583287760034,-0.1101636381152707,-0.28528498494187104,-0.16400169602730927,1.0,-0.1416033642727024,-0.012169412271174988,-0.09576569146705026,0.5026191104475493,-0.5418095990221202,0.20251352499958605,-0.009376626515868994,0.21248250531015217,0.20525989711360046,-0.15254958845417504,0.0480426587078712,-0.2995328683593424,-0.019641676186633032,0.04846986244949942,0.11602383836927527,0.038962995020021214,-0.02010560162372551,0.023782748282977207,-0.19199191659434417,0.013762567087173274,0.024844797552717266,-0.5036665455469659,0.10130947231689619,0.31288473340441686,0.24925860570542493,-0.019589388058420185,0.009882603143794966,-0.006317961990605107,-0.01801796540063081,0.07413984479311354,0.03514058453299644,-0.09545251119776303,-0.029750106415867585,-0.024269226275014325,0.0066050483404821335,0.18467976179658366,-0.11009920131803169,0.1106136183305944,-0.03801435115012137,-0.2694081259989164,-0.012278950677019685,-0.064665252883114,-0.002157927269488117,0.05143545119786349,-0.09299884929799081,0.09391412983863355,0.06414626362405194,-0.02961352580209013,-0.13985087461916887,-0.16863608591647425,0.25209920669964625,-0.029910323818173826,-0.009318075148079783,-0.046706263330783135,0.5118264099354016,-0.13920664074709,-0.27424262388286214,-0.2486886249785899,-0.006476093575977149,-0.009376626515868756
domain_industry_vertical=sales_crm,0.019322617781100282,-0.05602240447880251,0.04785911156077273,0.001862530973534295,0.08447568453619393,0.020779278360601554,-0.07269773737780295,0.02611269166584234,-0.0011845383833422498,-0.07963011964982317,-0.06834522844988923,-0.0362164284308768,-0.053689363898082695,-0.02683362521772665,-0.03915179438944676,-0.029611612686371705,-0.07668363739491599,-0.04408310024753707,-0.1416033642727024,1.0,-0.0032710967880142695,0.049856511798527674,-0.05046901975336307,0.05706386345875345,-0.061825257179059165,-0.002520405439062829,0.0734556016196193,-0.014306285148537696,-0.03723552088904114,0.0151820196424273,-0.05673981198797608,0.006288246687061521,-0.012296184434417969,-0.06453216991696331,0.058732711534492436,0.0331047067434115,0.002436229826347521,0.039553450218416664,0.049501008141369755,0.04739630608395636,-0.12042319793547875,0.005029821775235531,-0.012060369344583152,0.08136668105243512,-0.000576114161504565,0.024080600056325997,-0.023493611014003653,-0.005123533022103256,-0.013450244672289769,0.04846248342135456,-0.014968592365422506,-0.010193027869088888,0.0007439304051111369,0.0552318873457614,0.011417836672339986,-0.0227644174913035,0.05359877717217453,-0.0023981448912198497,-0.07222135369889246,0.008050509425962285,-0.014683499079615069,-0.006081670110469976,0.00353447921165264,-0.016482126981501505,0.000670717580884732,0.021015430080981612,0.00103787878845744,-0.05219521469397447,-0.05124901402204972,0.07313602976598695,0.013581330088944465,0.0020608229887723603,-0.012930754196629018,-0.14586579677370554,-0.04300482057699593,-0.06918741999190356,0.211573862019173,-0.0021033939449360533,-0.002520405439062846
domain_industry_vertical=unknown,-0.014838772386137716,-0.013532796874385251,-0.007405316810239324,0.30238254218903826,-0.0046366324167164364,-0.0009778774763125457,-0.014359906798831057,-0.016791492941817764,0.40796127420357803,-0.006843423249150277,-0.005873598173646394,-0.003112444756016331,-0.004614071192508077,-0.00230608537926988,-0.003364710503373928,-0.0025448259979249893,-0.00659020216578215,-0.0037885075955587065,-0.012169412271174988,-0.0032710967880142695,1.0,-0.0048083885592949465,-0.010921584812610952,-0.015479224819013782,0.014700547144338558,0.7705077539429519,-0.01072600330540939,-0.005533806988077453,-0.005751541660101702,-0.009648058365654395,-0.009747131412084485,0.24311473321706198,-0.0024566147909039254,-0.03606258325842251,-0.0026806524958942228,-0.0028391997157108926,0.17705457910482839,-0.005433394919558768,-0.005863261132085437,-0.003651880195659156,-0.0134823477966577,-0.00032443881321171566,-0.006554955171243838,-0.010575768962488241,0.5000499233265145,-0.07172996919058014,0.0024542554835925816,0.3386064929642022,-0.021153442168325872,-0.005320863749695849,-0.010667743852828883,-0.0011179747084354415,0.39970471658438805,-0.002074617166893376,-0.016955100669007347,-0.007137866444240653,-0.007833914729548261,0.14125200137230315,-0.006561711446702562,-0.006050158834051802,-0.004381297002644503,-0.0009495096608590208,0.007917289958279942,-0.07524452790396062,-0.002062931826917639,-0.0026490012608093062,0.22617910335420954,-0.011551449657625307,-0.004099121207436228,-0.013273410355930817,-0.00450540390440986,0.12050802401790259,0.022708876637739323,-0.012243263805009503,-0.0037148554238251273,0.0026128567694359613,-0.012353509857451834,0.24028827637482075,0.4054277949248175
domain_knowledge_depth=deep,-0.046589679138612713,-0.004840761836378297,0.06739806107101358,0.010479007581129986,0.02016188300903025,-0.01216453776630184,-0.04577936264193422,0.03573308988980953,0.006792649712644566,-0.09952856241577612,0.019455873378803678,0.12979163123723517,0.035734431601495024,0.05139998770760747,0.03144258828930216,0.32350383942636696,-0.048959358742985994,-0.054779655157357526,-0.09576569146705026,0.049856511798527674,-0.0048083885592949465,1.0,-0.20573006408550903,-0.2826900947481087,-0.09088078970470456,-0.003704900668907329,0.029288306254023167,-0.04643574876380963,-0.022355720316791512,0.02104693990164492,-0.007756509887485116,0.024161404280977596,-0.02445875922654808,-0.05557254228145554,-0.004182465484652927,0.012038184255140376,0.006389160638841475,0.07782779113952701,0.07053400319375258,-0.038555908731594916,-0.05558004756241679,0.14068286271011057,-0.06618543162790659,0.02123846000782339,0.008049671678890896,-0.042957888034979054,0.045776938722022056,-0.009372752707985406,-0.05244620942383981,0.09739883432559013,-0.004278452412237391,-0.012631996448483488,0.005382959044607497,-0.008833882777336089,-0.02259617692513648,0.08270657961512962,0.029942338959679064,0.024004251849937524,-0.09348450382918741,0.059491567172369975,-0.013832531304331281,-0.0062599033453506195,-0.03951488843796296,-0.0450296977764423,0.009286471878109855,0.037683983938336094,0.03276508462911196,-0.14388039929231985,-0.012626733921732703,0.09702538487623284,0.08493689701518828,0.011115877926774272,-0.01298076613450268,-0.19283837802382778,-0.056635822651741226,0.005289789437609684,0.21251585278934773,-0.0062468836589758955,-0.0037049006689072596
