,generate_project_update,generate_stand_up,get_cursor_agent,gmail_create_draft,gmail_fetch_drafts,launch_cursor_agent
generate_project_update,1.0,0.03901100119336053,-0.0006354049729563194,0.004224459927770242,-0.0027452441282514923,-0.000855307383736939
generate_stand_up,0.03901100119336053,1.0,-0.000552674676499256,0.004991622403044985,-0.002158788274205188,-0.0007439455964830117
get_cursor_agent,-0.0006354049729563194,-0.000552674676499256,1.0,-0.0003326940761397884,-0.00016801374129424312,0.49872705398669537
gmail_create_draft,0.004224459927770242,0.004991622403044985,-0.0003326940761397884,1.0,0.2016353793015634,-0.00044783360527376207
gmail_fetch_drafts,-0.0027452441282514923,-0.002158788274205188,-0.00016801374129424312,0.2016353793015634,1.0,-0.00022616032233684335
launch_cursor_agent,-0.000855307383736939,-0.0007439455964830117,0.49872705398669537,-0.00044783360527376207,-0.00022616032233684335,1.0
